***********************ALL SOLUTIONS**************
Solution: 
[1, 0, 0, 0, 0, 0, 0]
[0, 0, 1, 0, 0, 0, 0]
[0, 0, 0, 0, 1, 0, 0]
[0, 0, 0, 0, 0, 0, 1]
[0, 1, 0, 0, 0, 0, 0]
[0, 0, 0, 1, 0, 0, 0]
[0, 0, 0, 0, 0, 1, 0]
Solution: 
[1, 0, 0, 0, 0, 0, 0]
[0, 0, 0, 1, 0, 0, 0]
[0, 0, 0, 0, 0, 0, 1]
[0, 0, 1, 0, 0, 0, 0]
[0, 0, 0, 0, 0, 1, 0]
[0, 1, 0, 0, 0, 0, 0]
[0, 0, 0, 0, 1, 0, 0]
Solution: 
[1, 0, 0, 0, 0, 0, 0]
[0, 0, 0, 0, 1, 0, 0]
[0, 1, 0, 0, 0, 0, 0]
[0, 0, 0, 0, 0, 1, 0]
[0, 0, 1, 0, 0, 0, 0]
[0, 0, 0, 0, 0, 0, 1]
[0, 0, 0, 1, 0, 0, 0]
Solution: 
[1, 0, 0, 0, 0, 0, 0]
[0, 0, 0, 0, 0, 1, 0]
[0, 0, 0, 1, 0, 0, 0]
[0, 1, 0, 0, 0, 0, 0]
[0, 0, 0, 0, 0, 0, 1]
[0, 0, 0, 0, 1, 0, 0]
[0, 0, 1, 0, 0, 0, 0]
Solution: 
[0, 1, 0, 0, 0, 0, 0]
[0, 0, 0, 1, 0, 0, 0]
[1, 0, 0, 0, 0, 0, 0]
[0, 0, 0, 0, 0, 0, 1]
[0, 0, 0, 0, 1, 0, 0]
[0, 0, 1, 0, 0, 0, 0]
[0, 0, 0, 0, 0, 1, 0]
Solution: 
[0, 1, 0, 0, 0, 0, 0]
[0, 0, 0, 1, 0, 0, 0]
[0, 0, 0, 0, 0, 1, 0]
[1, 0, 0, 0, 0, 0, 0]
[0, 0, 1, 0, 0, 0, 0]
[0, 0, 0, 0, 1, 0, 0]
[0, 0, 0, 0, 0, 0, 1]
Solution: 
[0, 1, 0, 0, 0, 0, 0]
[0, 0, 0, 0, 1, 0, 0]
[1, 0, 0, 0, 0, 0, 0]
[0, 0, 0, 1, 0, 0, 0]
[0, 0, 0, 0, 0, 0, 1]
[0, 0, 1, 0, 0, 0, 0]
[0, 0, 0, 0, 0, 1, 0]
Solution: 
[0, 1, 0, 0, 0, 0, 0]
[0, 0, 0, 0, 1, 0, 0]
[0, 0, 1, 0, 0, 0, 0]
[1, 0, 0, 0, 0, 0, 0]
[0, 0, 0, 0, 0, 0, 1]
[0, 0, 0, 1, 0, 0, 0]
[0, 0, 0, 0, 0, 1, 0]
Solution: 
[0, 1, 0, 0, 0, 0, 0]
[0, 0, 0, 0, 1, 0, 0]
[0, 0, 0, 0, 0, 0, 1]
[0, 0, 0, 1, 0, 0, 0]
[1, 0, 0, 0, 0, 0, 0]
[0, 0, 1, 0, 0, 0, 0]
[0, 0, 0, 0, 0, 1, 0]
Solution: 
[0, 1, 0, 0, 0, 0, 0]
[0, 0, 0, 0, 0, 1, 0]
[0, 0, 1, 0, 0, 0, 0]
[0, 0, 0, 0, 0, 0, 1]
[0, 0, 0, 1, 0, 0, 0]
[1, 0, 0, 0, 0, 0, 0]
[0, 0, 0, 0, 1, 0, 0]
Solution: 
[0, 1, 0, 0, 0, 0, 0]
[0, 0, 0, 0, 0, 0, 1]
[0, 0, 0, 0, 1, 0, 0]
[0, 0, 1, 0, 0, 0, 0]
[1, 0, 0, 0, 0, 0, 0]
[0, 0, 0, 0, 0, 1, 0]
[0, 0, 0, 1, 0, 0, 0]
Solution: 
[0, 0, 1, 0, 0, 0, 0]
[1, 0, 0, 0, 0, 0, 0]
[0, 0, 0, 0, 0, 1, 0]
[0, 1, 0, 0, 0, 0, 0]
[0, 0, 0, 0, 1, 0, 0]
[0, 0, 0, 0, 0, 0, 1]
[0, 0, 0, 1, 0, 0, 0]
Solution: 
[0, 0, 1, 0, 0, 0, 0]
[1, 0, 0, 0, 0, 0, 0]
[0, 0, 0, 0, 0, 1, 0]
[0, 0, 0, 1, 0, 0, 0]
[0, 1, 0, 0, 0, 0, 0]
[0, 0, 0, 0, 0, 0, 1]
[0, 0, 0, 0, 1, 0, 0]
Solution: 
[0, 0, 1, 0, 0, 0, 0]
[0, 0, 0, 0, 1, 0, 0]
[0, 0, 0, 0, 0, 0, 1]
[0, 1, 0, 0, 0, 0, 0]
[0, 0, 0, 1, 0, 0, 0]
[0, 0, 0, 0, 0, 1, 0]
[1, 0, 0, 0, 0, 0, 0]
Solution: 
[0, 0, 1, 0, 0, 0, 0]
[0, 0, 0, 0, 0, 1, 0]
[0, 1, 0, 0, 0, 0, 0]
[0, 0, 0, 0, 1, 0, 0]
[1, 0, 0, 0, 0, 0, 0]
[0, 0, 0, 1, 0, 0, 0]
[0, 0, 0, 0, 0, 0, 1]
Solution: 
[0, 0, 1, 0, 0, 0, 0]
[0, 0, 0, 0, 0, 0, 1]
[0, 1, 0, 0, 0, 0, 0]
[0, 0, 0, 1, 0, 0, 0]
[0, 0, 0, 0, 0, 1, 0]
[1, 0, 0, 0, 0, 0, 0]
[0, 0, 0, 0, 1, 0, 0]
Solution: 
[0, 0, 1, 0, 0, 0, 0]
[0, 0, 0, 0, 0, 0, 1]
[0, 0, 0, 1, 0, 0, 0]
[1, 0, 0, 0, 0, 0, 0]
[0, 0, 0, 0, 1, 0, 0]
[0, 1, 0, 0, 0, 0, 0]
[0, 0, 0, 0, 0, 1, 0]
Solution: 
[0, 0, 0, 1, 0, 0, 0]
[1, 0, 0, 0, 0, 0, 0]
[0, 0, 1, 0, 0, 0, 0]
[0, 0, 0, 0, 0, 1, 0]
[0, 1, 0, 0, 0, 0, 0]
[0, 0, 0, 0, 0, 0, 1]
[0, 0, 0, 0, 1, 0, 0]
Solution: 
[0, 0, 0, 1, 0, 0, 0]
[1, 0, 0, 0, 0, 0, 0]
[0, 0, 0, 0, 1, 0, 0]
[0, 1, 0, 0, 0, 0, 0]
[0, 0, 0, 0, 0, 1, 0]
[0, 0, 1, 0, 0, 0, 0]
[0, 0, 0, 0, 0, 0, 1]
Solution: 
[0, 0, 0, 1, 0, 0, 0]
[0, 1, 0, 0, 0, 0, 0]
[0, 0, 0, 0, 0, 0, 1]
[0, 0, 0, 0, 1, 0, 0]
[0, 0, 1, 0, 0, 0, 0]
[1, 0, 0, 0, 0, 0, 0]
[0, 0, 0, 0, 0, 1, 0]
Solution: 
[0, 0, 0, 1, 0, 0, 0]
[0, 0, 0, 0, 0, 1, 0]
[1, 0, 0, 0, 0, 0, 0]
[0, 0, 1, 0, 0, 0, 0]
[0, 0, 0, 0, 1, 0, 0]
[0, 0, 0, 0, 0, 0, 1]
[0, 1, 0, 0, 0, 0, 0]
Solution: 
[0, 0, 0, 1, 0, 0, 0]
[0, 0, 0, 0, 0, 0, 1]
[0, 0, 1, 0, 0, 0, 0]
[0, 0, 0, 0, 0, 1, 0]
[0, 1, 0, 0, 0, 0, 0]
[0, 0, 0, 0, 1, 0, 0]
[1, 0, 0, 0, 0, 0, 0]
Solution: 
[0, 0, 0, 1, 0, 0, 0]
[0, 0, 0, 0, 0, 0, 1]
[0, 0, 0, 0, 1, 0, 0]
[0, 1, 0, 0, 0, 0, 0]
[0, 0, 0, 0, 0, 1, 0]
[1, 0, 0, 0, 0, 0, 0]
[0, 0, 1, 0, 0, 0, 0]
Solution: 
[0, 0, 0, 0, 1, 0, 0]
[1, 0, 0, 0, 0, 0, 0]
[0, 0, 0, 1, 0, 0, 0]
[0, 0, 0, 0, 0, 0, 1]
[0, 0, 1, 0, 0, 0, 0]
[0, 0, 0, 0, 0, 1, 0]
[0, 1, 0, 0, 0, 0, 0]
Solution: 
[0, 0, 0, 0, 1, 0, 0]
[1, 0, 0, 0, 0, 0, 0]
[0, 0, 0, 0, 0, 1, 0]
[0, 0, 0, 1, 0, 0, 0]
[0, 1, 0, 0, 0, 0, 0]
[0, 0, 0, 0, 0, 0, 1]
[0, 0, 1, 0, 0, 0, 0]
Solution: 
[0, 0, 0, 0, 1, 0, 0]
[0, 1, 0, 0, 0, 0, 0]
[0, 0, 0, 0, 0, 1, 0]
[0, 0, 1, 0, 0, 0, 0]
[0, 0, 0, 0, 0, 0, 1]
[0, 0, 0, 1, 0, 0, 0]
[1, 0, 0, 0, 0, 0, 0]
Solution: 
[0, 0, 0, 0, 1, 0, 0]
[0, 0, 1, 0, 0, 0, 0]
[1, 0, 0, 0, 0, 0, 0]
[0, 0, 0, 0, 0, 1, 0]
[0, 0, 0, 1, 0, 0, 0]
[0, 1, 0, 0, 0, 0, 0]
[0, 0, 0, 0, 0, 0, 1]
Solution: 
[0, 0, 0, 0, 1, 0, 0]
[0, 0, 0, 0, 0, 0, 1]
[0, 1, 0, 0, 0, 0, 0]
[0, 0, 0, 1, 0, 0, 0]
[0, 0, 0, 0, 0, 1, 0]
[1, 0, 0, 0, 0, 0, 0]
[0, 0, 1, 0, 0, 0, 0]
Solution: 
[0, 0, 0, 0, 1, 0, 0]
[0, 0, 0, 0, 0, 0, 1]
[0, 1, 0, 0, 0, 0, 0]
[0, 0, 0, 0, 0, 1, 0]
[0, 0, 1, 0, 0, 0, 0]
[1, 0, 0, 0, 0, 0, 0]
[0, 0, 0, 1, 0, 0, 0]
Solution: 
[0, 0, 0, 0, 0, 1, 0]
[1, 0, 0, 0, 0, 0, 0]
[0, 0, 1, 0, 0, 0, 0]
[0, 0, 0, 0, 1, 0, 0]
[0, 0, 0, 0, 0, 0, 1]
[0, 1, 0, 0, 0, 0, 0]
[0, 0, 0, 1, 0, 0, 0]
Solution: 
[0, 0, 0, 0, 0, 1, 0]
[0, 1, 0, 0, 0, 0, 0]
[0, 0, 0, 0, 1, 0, 0]
[1, 0, 0, 0, 0, 0, 0]
[0, 0, 0, 1, 0, 0, 0]
[0, 0, 0, 0, 0, 0, 1]
[0, 0, 1, 0, 0, 0, 0]
Solution: 
[0, 0, 0, 0, 0, 1, 0]
[0, 0, 1, 0, 0, 0, 0]
[1, 0, 0, 0, 0, 0, 0]
[0, 0, 0, 1, 0, 0, 0]
[0, 0, 0, 0, 0, 0, 1]
[0, 0, 0, 0, 1, 0, 0]
[0, 1, 0, 0, 0, 0, 0]
Solution: 
[0, 0, 0, 0, 0, 1, 0]
[0, 0, 1, 0, 0, 0, 0]
[0, 0, 0, 0, 1, 0, 0]
[0, 0, 0, 0, 0, 0, 1]
[1, 0, 0, 0, 0, 0, 0]
[0, 0, 0, 1, 0, 0, 0]
[0, 1, 0, 0, 0, 0, 0]
Solution: 
[0, 0, 0, 0, 0, 1, 0]
[0, 0, 1, 0, 0, 0, 0]
[0, 0, 0, 0, 0, 0, 1]
[0, 0, 0, 1, 0, 0, 0]
[1, 0, 0, 0, 0, 0, 0]
[0, 0, 0, 0, 1, 0, 0]
[0, 1, 0, 0, 0, 0, 0]
Solution: 
[0, 0, 0, 0, 0, 1, 0]
[0, 0, 0, 1, 0, 0, 0]
[0, 1, 0, 0, 0, 0, 0]
[0, 0, 0, 0, 0, 0, 1]
[0, 0, 0, 0, 1, 0, 0]
[0, 0, 1, 0, 0, 0, 0]
[1, 0, 0, 0, 0, 0, 0]
Solution: 
[0, 0, 0, 0, 0, 1, 0]
[0, 0, 0, 1, 0, 0, 0]
[0, 0, 0, 0, 0, 0, 1]
[1, 0, 0, 0, 0, 0, 0]
[0, 0, 1, 0, 0, 0, 0]
[0, 0, 0, 0, 1, 0, 0]
[0, 1, 0, 0, 0, 0, 0]
Solution: 
[0, 0, 0, 0, 0, 0, 1]
[0, 1, 0, 0, 0, 0, 0]
[0, 0, 0, 1, 0, 0, 0]
[0, 0, 0, 0, 0, 1, 0]
[1, 0, 0, 0, 0, 0, 0]
[0, 0, 1, 0, 0, 0, 0]
[0, 0, 0, 0, 1, 0, 0]
Solution: 
[0, 0, 0, 0, 0, 0, 1]
[0, 0, 1, 0, 0, 0, 0]
[0, 0, 0, 0, 0, 1, 0]
[0, 1, 0, 0, 0, 0, 0]
[0, 0, 0, 0, 1, 0, 0]
[1, 0, 0, 0, 0, 0, 0]
[0, 0, 0, 1, 0, 0, 0]
Solution: 
[0, 0, 0, 0, 0, 0, 1]
[0, 0, 0, 1, 0, 0, 0]
[1, 0, 0, 0, 0, 0, 0]
[0, 0, 0, 0, 1, 0, 0]
[0, 1, 0, 0, 0, 0, 0]
[0, 0, 0, 0, 0, 1, 0]
[0, 0, 1, 0, 0, 0, 0]
Solution: 
[0, 0, 0, 0, 0, 0, 1]
[0, 0, 0, 0, 1, 0, 0]
[0, 0, 1, 0, 0, 0, 0]
[1, 0, 0, 0, 0, 0, 0]
[0, 0, 0, 0, 0, 1, 0]
[0, 0, 0, 1, 0, 0, 0]
[0, 1, 0, 0, 0, 0, 0]

********************UNIQUE SOLUTIONS**************
Solution:[0, 2, 4, 6, 1, 3, 5]
Solution:[0, 3, 6, 2, 5, 1, 4]
Solution:[1, 3, 0, 6, 4, 2, 5]
Solution:[1, 4, 0, 3, 6, 2, 5]
Solution:[1, 4, 6, 3, 0, 2, 5]
Solution:[1, 5, 2, 6, 3, 0, 4]
Unique Soln: 6